0.00178529
0.168135
0.282285
0.0229777
1.20956
1.89741
0.402397
12.2356
2.78683
1.71187
3.66444
0.213427
2.5877
0.549168
0.288759
0.59869
0.638292
2.58241
0.987332
1.59332
2.35588
0.29683
0.826982
3.08512
2.29168
0.945457
0.397865
2.55014
0.710896
0.324844
0.366222
0.221485
0.505397
0.418222
0.167061
1.68263
0.951846
0.695417
1.65245
3.5988
1.78239
1.259
3.1359
3.8964
3.35545
1.10687
1.08082
2.13366
0.0338059
5.33984
0.874169
2.19853
0.957763
1.42967
0.36893
0.996272
2.31007
3.50032
0.0935679
0.428977
0.35224
2.09194
3.7713
0.917334
1.02
0.606775
0.233641
2.80763
0.827343
0.731717
1.1495
1.8739
0.569033
0.69835
1.48502
0.178632
2.13763
0.158523
1.78877
0.640463
0.372558
3.70132
1.51917
0.691374
2.72437
2.9392
0.102575
2.7986
0.232556
0.101617
0.295882
2.11763
1.9821
0.714647
1.06808
1.46903
3.03872
1.17017
6.1874
0.0428375
0.507338
2.25426
1.48062
0.620732
1.72334
0.874789
0.545169
4.26896
1.19492
3.6004
0.425059
0.472618
3.92317
1.70705
0.659005
2.10508
0.922795
3.91888
0.0619332
1.1312
0.629763
0.245315
2.48269
0.222667
1.92254
0.629753
2.00717
1.97176
0.935597
0.0170871
1.29238
0.519724
1.30057
5.3881
3.91854
1.59071
1.58299
2.04083
1.98558
0.951042
0.569688
0.360776
2.73977
1.41028
4.53819
0.621147
1.26489
0.283521
1.87151
0.0653355
3.72647
0.849767
0.669675
3.7805
3.46472
3.28428
2.75482
0.372003
1.47472
4.22058
1.51564
1.41945
0.960277
1.63963
5.4452
2.14306
0.474268
1.5119
0.507494
0.1773
2.1145
0.272576
3.12296
1.14517
14.5288
0.833031
1.06443
1.18389
0.0417193
1.51724
6.32891
2.14984
0.755658
2.28197
2.92499
5.30544
2.85205
0.386445
0.596631
0.528954
0.564718
1.74441
4.1319
1.43129
5.90325
1.02705
1.20447
0.000530865
0.711988
2.61992
1.37407
2.62215
0.263272
0.591264
0.857404
0.137703
1.40953
0.326947
3.68843
2.12542
0.394734
0.992314
1.19696
0.0308234
0.0564779
4.38958
0.964406
0.311294
2.09403
0.0350298
4.67806
2.94036
1.3158
0.570193
0.700864
6.17662
0.691101
2.72331
0.561
0.583082
1.05743
1.44697
2.17812
0.211153
2.08257
7.77754
0.723632
3.75416
2.16811
1.93112
0.779013
2.70466
1.01271
2.03531
0.718519
1.04304
4.2816
6.21716
0.658566
0.00901859
0.755728
0.956376
0.691063
2.50137
1.08239
3.7928
2.45597
2.07302
3.23505
3.38703
0.311142
4.74096
3.2365
1.06659
1.28423
0.137061
0.215044
0.312756
0.494436
1.1189
4.72532
1.81935
0.488418
3.15319
0.416452
0.183739
0.421232
0.688569
1.2987
1.21862
0.15168
0.15222
2.25101
0.392394
2.15751
1.17962
0.844239
0.473885
7.25399
1.03126
2.2444
1.4301
1.22935
2.99357
0.898543
1.51042
1.95703
5.44723
0.238671
0.707307
0.38664
0.835315
0.072319
1.19592
0.157419
0.184395
0.363059
3.93055
0.113641
1.64513
0.512997
3.62385
0.102102
1.62468
1.15414
1.2678
2.24632
0.683939
0.942471
0.16097
1.06762
0.591465
3.1385
2.38597
2.26623
0.225566
0.0520557
2.61409
0.808249
1.15233
1.81844
1.21674
2.93188
2.1315
1.09376
2.61026
2.22336
11.0654
3.77277
2.88007
0.834913
1.03684
3.51756
0.22036
0.741262
0.774413
2.52227
0.956199
1.16169
0.921684
1.4424
0.722264
0.699929
4.33223
3.57579
0.289909
1.83365
3.6483
0.00170924
1.4864
2.0124
7.01028
0.430837
0.801263
2.20409
2.68292
0.136337
0.302746
0.895029
3.49996
1.29472
1.50776
0.437719
2.63762
0.322405
1.24348
0.138395
0.262835
0.452089
5.25119
1.58758
3.74296
5.53173
0.0198714
0.230777
0.642171
6.64461
3.66296
0.922836
1.58859
1.41753
0.107295
6.49302
0.937504
3.08432
0.284781
1.61157
1.3653
0.0204819
0.738145
0.109397
0.436476
1.49512
0.221009
1.50691
1.41186
0.192133
0.938174
8.0736
0.0803642
1.26884
0.168892
0.339312
2.75102
0.588144
0.250115
1.58746
5.75252
0.417793
4.9165
0.753062
5.34295
6.20557
3.24276
2.10354
0.117342
1.30053
1.9557
0.107353
0.707578
7.3135
1.37895
1.61703
2.16034
2.556
0.717833
1.13476
1.75668
1.83544
0.649331
0.663002
0.315616
2.46361
0.196421
2.99764
1.27433
0.276028
2.01759
5.32497
2.40234
3.80934
2.27891
1.11785
3.00456
0.129884
0.0644065
1.19421
3.93548
0.21031
0.346627
1.06459
6.18813
2.32336
0.611686
2.9316
2.75319
0.5496
0.0811309
0.920066
1.93551
0.676252
0.803176
0.0106328
2.3652
0.20673
6.47061
2.11134
0.902309
2.3946
3.00374
0.670504
5.17533
0.996238
0.0728874
1.00108
1.88594
0.510822
0.951171
1.70605
2.3414
3.79857
0.0522568
0.628835
0.207212
4.12023
2.80613
1.10144
1.62407
