8.14634
3.50075
4.56909
5.21151
0.208707
1.05977
4.39725
1.92249
1.20656
1.9358
3.43782
0.330088
2.14236
5.23571
2.15586
6.7728
6.77986
4.23618
4.51012
3.03606
2.52366
0.724155
1.47593
0.81438
2.83267
10.5705
0.121253
1.52891
3.39259
2.44323
1.16694
1.56288
0.726336
3.46804
1.63369
2.92549
0.605956
0.865376
0.224692
0.801304
3.76741
0.290199
2.1715
0.453737
1.0215
2.332
7.45268
2.51444
4.88348
9.25947
4.33597
2.64283
2.14978
1.35499
0.76026
1.34095
3.42574
7.43918
1.34242
1.89778
0.229687
6.36179
6.17042
1.84648
2.4478
6.41969
1.89516
2.96061
3.27369
10.1135
3.2299
5.45369
2.28884
1.24925
0.262784
1.91905
1.96896
2.54379
0.912747
1.04683
4.08454
5.74267
0.99872
1.6797
1.4974
4.51717
0.152533
3.48356
0.220818
0.526548
2.97693
1.76517
1.83409
4.73191
1.53522
1.21452
7.08387
3.50935
2.22053
2.68436
2.36008
4.72876
0.705358
2.36374
0.902722
2.35627
2.01048
2.39641
0.576266
1.47756
3.26635
3.50743
2.66219
2.07296
2.00144
1.38584
0.585486
2.34985
1.98459
2.45508
5.53355
4.87378
2.00672
3.39848
3.83418
1.9958
0.409252
1.83493
1.60828
4.02431
0.572992
0.302746
3.79396
0.206327
1.23209
5.49082
5.83072
3.35027
5.30325
3.04714
3.15188
3.18529
0.939462
0.385767
4.44684
0.465712
0.427774
2.17846
3.21251
0.251729
5.25864
1.18522
7.15437
0.814334
1.61775
1.3458
1.64578
1.17786
2.91415
1.36925
2.71103
3.16227
2.9092
0.383235
4.54537
2.06512
2.12936
4.89756
8.07509
1.66172
0.530865
1.75709
3.88161
1.04017
4.82867
1.56693
2.57103
1.9871
6.10578
2.2616
0.74531
3.05974
2.13036
0.915826
1.92778
3.46196
0.300781
1.82785
1.26584
6.05142
0.122376
11.4703
3.19389
0.169564
1.7505
1.27116
2.06553
1.59314
5.14594
2.29264
2.751
1.83399
6.51088
8.39066
0.411623
0.523897
3.16101
2.10009
1.14208
0.57741
9.01943
2.32353
0.822214
3.05958
4.74759
1.51136
5.49521
1.71221
2.4771
5.62298
1.56319
5.54892
4.93081
1.3611
0.819651
4.76526
1.70653
5.59307
2.95818
0.366193
0.0344648
0.431422
0.249129
7.51419
6.61572
0.566555
1.54083
0.302656
1.17668
0.37404
2.74541
9.15499
0.334458
6.67689
3.86569
2.5118
6.37326
1.45909
1.80951
4.04583
3.62088
0.138638
1.49724
1.00449
4.97522
6.90989
0.348703
2.86981
0.403777
6.13084
0.883539
6.55426
4.64929
0.87969
1.98966
3.90431
4.19605
4.32989
5.63215
3.29997
5.78356
1.55108
1.20109
0.264314
1.81091
1.53976
0.15682
4.79446
3.41717
1.71597
5.23608
0.107861
0.814923
1.9669
2.2595
0.761288
5.65232
1.09524
1.77134
2.02467
2.39468
3.63021
2.91338
1.06962
7.49599
4.07683
0.718418
0.603993
2.00491
1.48161
4.37755
2.96623
2.14397
3.29346
2.50756
3.78883
6.74404
5.83391
3.74295
1.26777
0.868635
1.72725
0.452529
0.433768
0.453171
6.57853
2.70869
0.369525
0.146732
2.29077
0.817496
1.90812
0.114931
1.02475
1.27084
1.899
0.155578
0.190235
3.76999
3.18898
1.39086
0.742064
5.47159
5.62365
3.02918
7.66673
3.83456
2.28784
4.18703
1.29208
6.58319
0.955131
1.35706
2.28738
0.597323
2.76121
0.238444
0.603693
4.12876
9.7358
0.155246
2.38823
0.0778107
3.38961
4.68175
1.58516
1.00322
1.95097
1.53572
3.356
4.33672
1.42689
0.828238
2.19597
3.46001
0.617179
0.696924
2.85694
10.3857
2.59112
2.96103
2.05071
1.28412
2.64434
3.1406
4.65231
1.49746
0.226299
4.63611
2.01186
1.195
0.575348
4.90648
4.25427
4.26756
2.18481
2.91852
0.646972
4.21594
6.09108
6.19919
1.83032
3.27836
3.98641
2.00555
6.66181
1.01692
5.24904
1.50615
0.606705
1.8345
2.05063
0.809623
4.87353
6.07129
1.2417
0.0412266
1.75698
0.810235
1.9275
5.51702
1.34067
1.82984
7.09091
5.18943
4.67917
3.3185
0.81126
3.58957
1.36104
0.407295
5.89202
4.52977
5.43833
3.64275
2.81324
0.713986
2.33186
0.717333
2.7064
0.17002
5.1972
2.51605
3.54272
5.77579
2.39772
0.255608
0.793524
1.58837
3.70966
4.12889
2.4453
5.21162
0.899664
2.70423
2.52896
1.54124
0.347147
3.55438
1.07631
2.61322
0.741571
1.72072
7.37725
3.95922
11.5254
2.03562
1.01704
0.900092
3.78741
1.62167
5.01406
3.2449
4.02116
1.84419
4.23531
2.34672
6.5149
2.78373
0.572989
0.50504
1.0019
2.08894
2.14238
1.20988
2.94286
6.90462
4.24032
3.96302
1.72324
1.35529
4.68782
3.34847
1.78892
4.4446
1.09784
1.7009
2.08042
7.76616
0.933806
9.3681
1.25705
2.10752
1.07936
1.68562
3.63297
2.89957
